# TargetP-2.0	Organism: Plant	Timestamp: 20200213162805
# ID	Prediction	noTP	SP	mTP	cTP	luTP	CS Position
TRINITY_DN10083_c0_g1.p1	noTP	0.657261	0.000558	0.342072	0.000057	0.000052	
TRINITY_DN10377_c0_g1.p1	noTP	0.999538	0.000250	0.000003	0.000208	0.000001	
TRINITY_DN10847_c0_g1.p1	noTP	0.999949	0.000039	0.000012	0.000000	0.000000	
TRINITY_DN10923_c0_g1.p1	noTP	0.998318	0.000046	0.000517	0.001052	0.000066	
TRINITY_DN10969_c0_g1.p1	noTP	0.999968	0.000023	0.000005	0.000004	0.000000	
TRINITY_DN11850_c0_g1.p1	noTP	0.999987	0.000011	0.000001	0.000000	0.000000	
TRINITY_DN11944_c0_g1.p1	SP	0.150147	0.814661	0.009783	0.000061	0.025348	CS pos: 40-41. STA-EI. Pr: 0.9261
TRINITY_DN12728_c0_g1.p1	noTP	0.999929	0.000031	0.000040	0.000001	0.000000	
TRINITY_DN12728_c0_g1.p4	noTP	0.825849	0.172690	0.001461	0.000000	0.000001	
TRINITY_DN13137_c0_g1.p1	noTP	0.999508	0.000065	0.000008	0.000416	0.000003	
TRINITY_DN13137_c0_g1.p2	noTP	0.997699	0.000360	0.001132	0.000807	0.000003	
TRINITY_DN13173_c0_g1.p1	noTP	0.999825	0.000101	0.000066	0.000001	0.000006	
TRINITY_DN13194_c0_g1.p1	noTP	0.999020	0.000186	0.000794	0.000000	0.000000	
TRINITY_DN13236_c0_g1.p1	noTP	0.998453	0.000119	0.000067	0.001146	0.000215	
TRINITY_DN13443_c0_g1.p1	noTP	0.685596	0.006726	0.002055	0.297921	0.007702	
TRINITY_DN13492_c0_g1.p1	noTP	0.998964	0.000832	0.000136	0.000044	0.000024	
TRINITY_DN13555_c0_g1.p1	noTP	0.998309	0.001615	0.000042	0.000018	0.000015	
TRINITY_DN13624_c0_g1.p1	noTP	0.501610	0.008902	0.008442	0.392659	0.088386	
TRINITY_DN13672_c0_g1.p1	noTP	0.838490	0.127389	0.031253	0.002148	0.000720	
TRINITY_DN13846_c0_g1.p1	noTP	0.996082	0.003869	0.000011	0.000034	0.000003	
TRINITY_DN13886_c0_g1.p1	noTP	0.999998	0.000001	0.000000	0.000000	0.000000	
TRINITY_DN13891_c0_g1.p1	noTP	0.996873	0.000463	0.002661	0.000000	0.000003	
TRINITY_DN13895_c0_g1.p1	mTP	0.008065	0.000011	0.991089	0.000803	0.000032	CS pos: 30-31. FRY-ST. Pr: 0.8729
TRINITY_DN13898_c0_g1.p1	noTP	0.999993	0.000005	0.000000	0.000001	0.000000	
TRINITY_DN13930_c0_g1.p1	SP	0.003678	0.993540	0.002506	0.000263	0.000014	CS pos: 27-28. VFA-PL. Pr: 0.3156
TRINITY_DN14035_c0_g1.p3	noTP	0.999937	0.000062	0.000000	0.000000	0.000000	
TRINITY_DN14035_c0_g1.p2	noTP	0.689729	0.028197	0.241034	0.038933	0.002106	
TRINITY_DN14035_c0_g1.p1	noTP	0.689729	0.028197	0.241034	0.038933	0.002106	
TRINITY_DN14110_c0_g1.p1	noTP	0.999822	0.000176	0.000002	0.000000	0.000000	
TRINITY_DN14211_c0_g1.p1	SP	0.013187	0.975105	0.010477	0.000328	0.000903	CS pos: 28-29. TSA-KS. Pr: 0.3830
TRINITY_DN14260_c0_g1.p2	noTP	0.960036	0.000377	0.008599	0.000090	0.030898	
TRINITY_DN14260_c0_g1.p1	noTP	0.935221	0.000829	0.005814	0.057978	0.000158	
TRINITY_DN14329_c0_g1.p1	noTP	0.999254	0.000045	0.000587	0.000114	0.000000	
TRINITY_DN14402_c0_g1.p1	noTP	0.838676	0.018622	0.066814	0.068056	0.007832	
TRINITY_DN14496_c0_g1.p1	mTP	0.112451	0.402405	0.444632	0.039898	0.000615	CS pos: 27-28. HLY-VT. Pr: 0.2759
TRINITY_DN14506_c0_g1.p1	noTP	0.999809	0.000055	0.000132	0.000003	0.000001	
TRINITY_DN14601_c0_g1.p1	noTP	0.986417	0.000004	0.000506	0.013016	0.000057	
TRINITY_DN14642_c0_g1.p1	mTP	0.223368	0.000552	0.705072	0.064253	0.006755	CS pos: 45-46. RRL-ST. Pr: 0.6518
TRINITY_DN14661_c0_g1.p1	noTP	0.999888	0.000110	0.000001	0.000000	0.000002	
TRINITY_DN14661_c0_g1.p2	noTP	0.998969	0.000005	0.000936	0.000090	0.000000	
TRINITY_DN14692_c0_g1.p1	noTP	0.999736	0.000246	0.000005	0.000013	0.000000	
TRINITY_DN14824_c0_g1.p1	noTP	0.999988	0.000011	0.000001	0.000000	0.000000	
TRINITY_DN14841_c0_g1.p1	noTP	0.999889	0.000008	0.000014	0.000089	0.000001	
TRINITY_DN14901_c0_g1.p1	cTP	0.273544	0.000314	0.001420	0.621946	0.102777	CS pos: 25-26. IFA-MK. Pr: 0.2337
TRINITY_DN14937_c0_g1.p1	noTP	0.969237	0.024527	0.006106	0.000128	0.000002	
TRINITY_DN14947_c0_g1.p1	noTP	0.999163	0.000835	0.000002	0.000000	0.000000	
TRINITY_DN14965_c0_g2.p2	noTP	0.886425	0.022534	0.046446	0.013472	0.031123	
TRINITY_DN14965_c0_g2.p1	noTP	0.999180	0.000072	0.000623	0.000100	0.000024	
TRINITY_DN14965_c0_g2.p3	noTP	0.999425	0.000569	0.000003	0.000000	0.000003	
TRINITY_DN15026_c0_g1.p1	noTP	0.598536	0.005205	0.335189	0.060770	0.000300	
TRINITY_DN15029_c0_g1.p1	noTP	0.898026	0.089900	0.002609	0.006917	0.002548	
TRINITY_DN15113_c0_g1.p1	noTP	0.999942	0.000056	0.000002	0.000000	0.000000	
TRINITY_DN15160_c0_g1.p1	noTP	0.946519	0.037059	0.014790	0.001338	0.000294	
TRINITY_DN15160_c0_g1.p2	noTP	0.989118	0.000307	0.000916	0.009381	0.000278	
TRINITY_DN15165_c0_g1.p1	noTP	0.853930	0.087565	0.057210	0.001287	0.000008	
TRINITY_DN15174_c0_g1.p1	noTP	0.900623	0.000066	0.003871	0.083420	0.012021	
TRINITY_DN15191_c0_g1.p1	noTP	0.999528	0.000022	0.000025	0.000390	0.000034	
TRINITY_DN15269_c0_g1.p1	SP	0.082456	0.917326	0.000153	0.000019	0.000046	CS pos: 25-26. ALS-ST. Pr: 0.7854
TRINITY_DN15318_c0_g2.p1	noTP	0.533479	0.000119	0.057906	0.347092	0.061405	
TRINITY_DN15362_c0_g1.p1	noTP	0.999957	0.000011	0.000025	0.000000	0.000006	
TRINITY_DN15393_c0_g1.p1	noTP	0.996057	0.000353	0.002395	0.000197	0.000998	
TRINITY_DN15410_c0_g1.p1	noTP	0.998762	0.000133	0.000829	0.000269	0.000007	
TRINITY_DN15416_c0_g1.p1	noTP	0.999713	0.000234	0.000050	0.000000	0.000002	
TRINITY_DN15450_c0_g1.p1	noTP	0.923158	0.004579	0.048595	0.008297	0.015371	
TRINITY_DN15450_c0_g1.p2	noTP	0.976715	0.022533	0.000660	0.000045	0.000047	
TRINITY_DN15484_c0_g1.p1	noTP	0.999480	0.000342	0.000176	0.000002	0.000000	
TRINITY_DN15513_c0_g1.p1	noTP	0.999489	0.000454	0.000049	0.000005	0.000002	
TRINITY_DN15581_c1_g1.p1	noTP	0.998378	0.000970	0.000070	0.000578	0.000005	
TRINITY_DN15681_c0_g1.p1	noTP	0.999721	0.000266	0.000012	0.000001	0.000000	
TRINITY_DN15713_c0_g2.p1	noTP	0.998237	0.000019	0.000011	0.001687	0.000046	
TRINITY_DN15721_c0_g2.p1	noTP	0.999642	0.000298	0.000051	0.000009	0.000000	
TRINITY_DN15744_c0_g1.p1	SP	0.016450	0.973727	0.000291	0.000928	0.008605	CS pos: 25-26. ATS-HH. Pr: 0.6133
TRINITY_DN15763_c0_g1.p1	noTP	0.937271	0.057822	0.003773	0.000130	0.001004	
TRINITY_DN15763_c0_g1.p2	noTP	0.999834	0.000052	0.000114	0.000000	0.000000	
TRINITY_DN15834_c0_g2.p1	noTP	0.999836	0.000159	0.000005	0.000000	0.000000	
TRINITY_DN15942_c0_g1.p1	noTP	0.999662	0.000182	0.000121	0.000034	0.000001	
TRINITY_DN15970_c0_g1.p1	noTP	0.919028	0.000996	0.000118	0.027276	0.052582	
TRINITY_DN15995_c0_g1.p1	noTP	0.999707	0.000055	0.000235	0.000002	0.000000	
TRINITY_DN16002_c0_g1.p1	noTP	0.560433	0.000107	0.023601	0.186446	0.229414	
TRINITY_DN16086_c0_g1.p1	noTP	0.999049	0.000119	0.000816	0.000016	0.000000	
TRINITY_DN16124_c0_g1.p1	SP	0.078559	0.914447	0.006894	0.000045	0.000055	CS pos: 19-20. GDG-IF. Pr: 0.3721
TRINITY_DN16146_c0_g1.p1	noTP	0.999898	0.000073	0.000024	0.000006	0.000000	
TRINITY_DN16146_c0_g1.p2	noTP	0.999224	0.000364	0.000091	0.000013	0.000309	
TRINITY_DN16208_c0_g1.p2	noTP	0.999990	0.000009	0.000001	0.000001	0.000000	
TRINITY_DN16208_c0_g1.p1	noTP	0.999933	0.000051	0.000004	0.000012	0.000000	
TRINITY_DN16229_c0_g1.p3	SP	0.008230	0.991485	0.000180	0.000103	0.000003	CS pos: 31-32. VWG-LN. Pr: 0.7581
TRINITY_DN16229_c0_g1.p1	noTP	0.994202	0.005690	0.000075	0.000031	0.000001	
TRINITY_DN16229_c0_g1.p2	noTP	0.975566	0.024380	0.000050	0.000003	0.000000	
TRINITY_DN16240_c0_g1.p1	noTP	0.999996	0.000002	0.000001	0.000002	0.000000	
TRINITY_DN16404_c0_g1.p1	noTP	0.681926	0.100028	0.213898	0.003561	0.000587	
TRINITY_DN16404_c0_g1.p2	noTP	0.997009	0.001533	0.000770	0.000288	0.000400	
TRINITY_DN16429_c0_g1.p1	noTP	0.993918	0.005058	0.000915	0.000007	0.000102	
TRINITY_DN16577_c0_g1.p1	noTP	0.959210	0.000670	0.039562	0.000549	0.000009	
TRINITY_DN16679_c0_g1.p3	noTP	0.999708	0.000292	0.000001	0.000000	0.000000	
TRINITY_DN16679_c0_g1.p1	noTP	0.999915	0.000081	0.000003	0.000000	0.000000	
TRINITY_DN16701_c0_g1.p1	noTP	0.999515	0.000061	0.000323	0.000023	0.000078	
TRINITY_DN16701_c0_g1.p2	noTP	0.999713	0.000277	0.000002	0.000008	0.000000	
TRINITY_DN16701_c0_g1.p3	noTP	0.805740	0.004506	0.186400	0.003264	0.000091	
TRINITY_DN16708_c0_g1.p1	noTP	0.970205	0.013085	0.000934	0.014589	0.001187	
TRINITY_DN16755_c0_g1.p1	noTP	0.998996	0.000997	0.000005	0.000002	0.000000	
TRINITY_DN16791_c0_g3.p1	SP	0.000016	0.999983	0.000001	0.000000	0.000000	CS pos: 22-23. TAA-SP. Pr: 0.4816
TRINITY_DN16826_c7_g3.p1	noTP	0.995861	0.004058	0.000052	0.000026	0.000004	
TRINITY_DN16826_c7_g3.p2	noTP	0.991887	0.000814	0.005993	0.000216	0.001090	
TRINITY_DN16826_c7_g3.p3	SP	0.084705	0.909618	0.005433	0.000077	0.000167	CS pos: 28-29. SYA-KA. Pr: 0.9005
TRINITY_DN16840_c4_g8.p1	noTP	0.866711	0.130052	0.000526	0.001078	0.001633	
TRINITY_DN16850_c0_g1.p2	noTP	0.999719	0.000239	0.000041	0.000001	0.000000	
TRINITY_DN16850_c0_g1.p1	noTP	0.968765	0.000738	0.030422	0.000010	0.000065	
TRINITY_DN16852_c0_g1.p1	noTP	0.998868	0.000665	0.000465	0.000002	0.000000	
TRINITY_DN16852_c0_g1.p2	noTP	0.995201	0.001356	0.002979	0.000117	0.000348	
TRINITY_DN16863_c3_g1.p1	SP	0.000925	0.999063	0.000002	0.000001	0.000010	CS pos: 22-23. SIS-SL. Pr: 0.4112
TRINITY_DN16874_c0_g1.p1	noTP	0.997896	0.000985	0.000973	0.000011	0.000136	
TRINITY_DN16874_c0_g1.p2	noTP	0.902941	0.001564	0.091111	0.004372	0.000013	
TRINITY_DN16882_c1_g3.p1	noTP	0.990105	0.000261	0.008730	0.000587	0.000317	
TRINITY_DN16884_c0_g1.p1	noTP	0.960543	0.001480	0.000064	0.003553	0.034360	
TRINITY_DN16921_c1_g2.p1	mTP	0.182733	0.000157	0.814635	0.002470	0.000005	CS pos: 68-69. RGF-SS. Pr: 0.5485
TRINITY_DN16944_c5_g2.p2	noTP	0.995172	0.001449	0.003280	0.000030	0.000069	
TRINITY_DN16944_c5_g2.p1	noTP	0.927264	0.005519	0.065443	0.000296	0.001478	
TRINITY_DN16962_c0_g2.p1	noTP	0.999818	0.000138	0.000004	0.000002	0.000038	
TRINITY_DN16962_c0_g2.p2	noTP	0.801464	0.016809	0.176626	0.004870	0.000231	
TRINITY_DN17021_c4_g4.p1	noTP	0.960722	0.012595	0.023802	0.002115	0.000765	
TRINITY_DN17042_c3_g1.p2	noTP	0.766612	0.050436	0.182365	0.000450	0.000138	
TRINITY_DN17042_c3_g1.p1	noTP	0.826714	0.000409	0.136682	0.032307	0.003887	
TRINITY_DN17072_c1_g1.p1	noTP	0.999996	0.000003	0.000002	0.000000	0.000000	
TRINITY_DN17072_c5_g1.p1	noTP	0.998859	0.001042	0.000009	0.000084	0.000006	
TRINITY_DN17074_c1_g3.p1	noTP	0.999948	0.000036	0.000014	0.000002	0.000001	
TRINITY_DN17074_c1_g3.p2	noTP	0.999900	0.000086	0.000014	0.000000	0.000000	
TRINITY_DN17082_c2_g1.p3	noTP	0.981410	0.002680	0.015643	0.000253	0.000014	
TRINITY_DN17082_c2_g1.p2	noTP	0.733140	0.000471	0.204835	0.060469	0.001085	
TRINITY_DN17082_c2_g1.p4	noTP	0.811146	0.095124	0.018854	0.074181	0.000694	
TRINITY_DN17082_c2_g1.p1	noTP	0.999875	0.000125	0.000000	0.000000	0.000000	
TRINITY_DN17086_c4_g2.p1	noTP	0.999797	0.000192	0.000010	0.000000	0.000001	
TRINITY_DN17090_c3_g1.p2	noTP	0.867363	0.003302	0.127693	0.000009	0.001633	
TRINITY_DN17090_c3_g1.p3	noTP	0.479899	0.400690	0.019216	0.071370	0.028825	
TRINITY_DN17090_c3_g1.p1	noTP	0.999968	0.000031	0.000000	0.000000	0.000000	
TRINITY_DN17119_c1_g2.p8	noTP	0.989058	0.002800	0.006716	0.001310	0.000117	
TRINITY_DN17119_c1_g2.p9	noTP	0.724489	0.168236	0.020982	0.043350	0.042943	
TRINITY_DN17119_c1_g2.p2	noTP	0.997776	0.001371	0.000575	0.000259	0.000019	
TRINITY_DN17119_c1_g2.p4	noTP	0.997285	0.000143	0.002570	0.000000	0.000001	
TRINITY_DN17119_c1_g2.p3	cTP	0.002014	0.000198	0.246763	0.749738	0.001287	CS pos: 31-32. TVA-TV. Pr: 0.3712
TRINITY_DN17119_c1_g2.p1	SP	0.069040	0.929805	0.000558	0.000488	0.000108	CS pos: 23-24. AFT-TR. Pr: 0.5867
TRINITY_DN17119_c1_g2.p5	noTP	0.642549	0.357172	0.000080	0.000191	0.000007	
TRINITY_DN17177_c10_g1.p1	noTP	0.999376	0.000624	0.000000	0.000000	0.000000	
TRINITY_DN17220_c1_g1.p1	noTP	0.983474	0.001094	0.000019	0.015335	0.000079	
TRINITY_DN17244_c6_g1.p1	noTP	0.999817	0.000101	0.000068	0.000013	0.000000	
TRINITY_DN17244_c6_g1.p2	noTP	0.996411	0.003574	0.000015	0.000000	0.000000	
TRINITY_DN17262_c1_g1.p1	noTP	0.995436	0.003166	0.000406	0.000953	0.000039	
TRINITY_DN17266_c4_g3.p1	noTP	0.923673	0.064232	0.001760	0.006367	0.003968	
TRINITY_DN17293_c1_g1.p1	noTP	0.820899	0.164401	0.004195	0.003816	0.006689	
TRINITY_DN17297_c0_g1.p1	noTP	0.663017	0.334833	0.001101	0.001013	0.000037	
TRINITY_DN17310_c3_g3.p1	noTP	0.998574	0.001401	0.000022	0.000001	0.000002	
TRINITY_DN17310_c3_g3.p2	noTP	0.991660	0.005540	0.002374	0.000385	0.000042	
TRINITY_DN17319_c0_g3.p2	noTP	0.999979	0.000017	0.000004	0.000001	0.000000	
TRINITY_DN17319_c0_g3.p1	noTP	0.998982	0.000222	0.000041	0.000722	0.000034	
TRINITY_DN17381_c8_g1.p1	noTP	0.998277	0.001699	0.000018	0.000005	0.000001	
TRINITY_DN17383_c1_g3.p1	noTP	0.927308	0.070142	0.001067	0.001180	0.000303	
TRINITY_DN17383_c1_g3.p2	noTP	0.997775	0.000606	0.001534	0.000079	0.000006	
TRINITY_DN17405_c7_g1.p1	SP	0.001111	0.998613	0.000025	0.000189	0.000062	CS pos: 26-27. TIT-ST. Pr: 0.1442
TRINITY_DN17448_c1_g3.p1	noTP	0.999855	0.000069	0.000002	0.000071	0.000003	
TRINITY_DN17478_c4_g1.p1	noTP	0.998317	0.001678	0.000004	0.000001	0.000000	
TRINITY_DN17485_c2_g1.p1	noTP	0.939257	0.022049	0.000593	0.001574	0.036527	
TRINITY_DN17527_c0_g10.p1	cTP	0.000053	0.000000	0.000054	0.999446	0.000447	CS pos: 41-42. VKA-EA. Pr: 0.6765
TRINITY_DN17543_c3_g1.p1	noTP	0.999967	0.000030	0.000000	0.000003	0.000000	
TRINITY_DN17567_c6_g4.p2	noTP	0.999964	0.000036	0.000000	0.000000	0.000000	
TRINITY_DN17567_c6_g4.p1	noTP	0.985652	0.014348	0.000000	0.000000	0.000000	
TRINITY_DN17592_c6_g2.p1	noTP	0.997031	0.000093	0.002641	0.000233	0.000001	
TRINITY_DN17597_c4_g1.p3	noTP	0.845287	0.153850	0.000840	0.000018	0.000006	
TRINITY_DN17597_c4_g1.p1	noTP	0.997688	0.000125	0.001451	0.000698	0.000039	
TRINITY_DN17606_c4_g3.p1	noTP	0.999917	0.000081	0.000002	0.000000	0.000000	
TRINITY_DN17742_c6_g1.p1	noTP	0.999914	0.000049	0.000036	0.000000	0.000000	
TRINITY_DN17742_c6_g1.p2	noTP	0.999480	0.000258	0.000261	0.000000	0.000002	
TRINITY_DN17745_c2_g1.p1	noTP	0.717332	0.000911	0.141916	0.132745	0.007097	
TRINITY_DN17776_c0_g1.p1	noTP	0.999818	0.000077	0.000098	0.000004	0.000002	
TRINITY_DN17786_c5_g2.p1	noTP	0.992056	0.000058	0.007837	0.000026	0.000024	
TRINITY_DN17786_c5_g2.p2	noTP	0.999202	0.000020	0.000763	0.000001	0.000014	
TRINITY_DN17786_c7_g1.p3	noTP	0.989499	0.000674	0.004320	0.005237	0.000271	
TRINITY_DN17786_c7_g1.p1	noTP	0.996561	0.000615	0.000375	0.001985	0.000464	
TRINITY_DN17786_c7_g1.p2	noTP	0.960046	0.000719	0.003049	0.035827	0.000358	
TRINITY_DN17806_c5_g4.p2	noTP	0.523557	0.002524	0.139059	0.155564	0.179297	
TRINITY_DN17806_c5_g4.p1	noTP	0.991417	0.006981	0.001443	0.000137	0.000023	
TRINITY_DN17833_c2_g3.p1	noTP	0.999326	0.000190	0.000480	0.000004	0.000001	
TRINITY_DN17833_c2_g3.p4	noTP	0.993524	0.002700	0.002802	0.000087	0.000885	
TRINITY_DN17833_c2_g3.p2	noTP	0.999544	0.000061	0.000070	0.000323	0.000002	
TRINITY_DN17838_c7_g1.p1	noTP	0.997508	0.001106	0.000323	0.000833	0.000229	
TRINITY_DN17838_c7_g1.p4	noTP	0.999168	0.000207	0.000069	0.000541	0.000015	
TRINITY_DN17838_c7_g1.p2	noTP	0.845876	0.013625	0.139863	0.000041	0.000595	
TRINITY_DN17838_c7_g1.p3	noTP	0.999992	0.000006	0.000003	0.000000	0.000000	
TRINITY_DN17870_c8_g1.p1	noTP	0.999943	0.000051	0.000004	0.000001	0.000000	
TRINITY_DN17870_c8_g1.p2	noTP	0.996424	0.003569	0.000006	0.000000	0.000000	
TRINITY_DN17886_c4_g1.p1	noTP	0.999358	0.000613	0.000029	0.000000	0.000000	
TRINITY_DN17929_c1_g1.p1	noTP	0.999626	0.000030	0.000164	0.000172	0.000008	
TRINITY_DN17942_c3_g1.p1	noTP	0.999868	0.000073	0.000056	0.000000	0.000002	
TRINITY_DN17942_c3_g1.p2	noTP	0.998547	0.000109	0.001209	0.000135	0.000000	
TRINITY_DN17942_c3_g1.p3	noTP	0.986738	0.001202	0.009111	0.002834	0.000115	
TRINITY_DN17956_c3_g1.p2	noTP	0.954855	0.000277	0.018777	0.026076	0.000015	
TRINITY_DN17956_c3_g1.p1	mTP	0.004112	0.000002	0.995835	0.000047	0.000004	CS pos: 32-33. RFL-ST. Pr: 0.5380
TRINITY_DN17972_c1_g1.p1	noTP	0.980789	0.002757	0.016441	0.000011	0.000002	
TRINITY_DN18015_c0_g2.p1	noTP	0.999410	0.000519	0.000057	0.000011	0.000003	
TRINITY_DN18025_c6_g2.p1	cTP	0.002863	0.000000	0.004445	0.829503	0.163189	CS pos: 42-43. IKA-VQ. Pr: 0.6481
TRINITY_DN18055_c1_g5.p1	noTP	0.999757	0.000196	0.000047	0.000000	0.000000	
TRINITY_DN18123_c1_g1.p1	noTP	0.999140	0.000198	0.000655	0.000007	0.000000	
TRINITY_DN18125_c0_g1.p1	noTP	0.956299	0.043286	0.000296	0.000112	0.000007	
TRINITY_DN18171_c2_g1.p1	noTP	0.999989	0.000009	0.000002	0.000000	0.000000	
TRINITY_DN18201_c0_g2.p1	SP	0.002380	0.997593	0.000026	0.000000	0.000001	CS pos: 22-23. IES-SF. Pr: 0.9022
TRINITY_DN18232_c7_g1.p2	noTP	0.999748	0.000249	0.000001	0.000003	0.000000	
TRINITY_DN18232_c7_g1.p3	noTP	0.754046	0.003501	0.239050	0.003009	0.000394	
TRINITY_DN18232_c7_g1.p1	noTP	0.763393	0.235431	0.001123	0.000045	0.000009	
TRINITY_DN18247_c3_g2.p2	noTP	0.944759	0.000122	0.033955	0.020940	0.000224	
TRINITY_DN18247_c3_g2.p1	noTP	0.999694	0.000143	0.000001	0.000151	0.000011	
TRINITY_DN18249_c4_g1.p1	noTP	0.751513	0.002586	0.163906	0.081164	0.000830	
TRINITY_DN18272_c4_g4.p2	noTP	0.597310	0.402493	0.000026	0.000161	0.000010	
TRINITY_DN18292_c6_g2.p1	noTP	0.999847	0.000153	0.000001	0.000000	0.000000	
TRINITY_DN18324_c0_g4.p1	noTP	0.999984	0.000010	0.000001	0.000003	0.000001	
TRINITY_DN18326_c1_g1.p1	noTP	0.414638	0.000071	0.308126	0.261861	0.015304	
TRINITY_DN18357_c3_g1.p1	noTP	0.701936	0.003373	0.006010	0.042699	0.245983	
TRINITY_DN18357_c3_g1.p3	noTP	0.946607	0.019518	0.033841	0.000029	0.000004	
TRINITY_DN18405_c0_g1.p1	noTP	0.999910	0.000060	0.000003	0.000026	0.000001	
TRINITY_DN18410_c2_g2.p1	noTP	0.998228	0.000118	0.001454	0.000000	0.000200	
TRINITY_DN18410_c2_g2.p3	noTP	0.999740	0.000256	0.000001	0.000002	0.000000	
TRINITY_DN18422_c1_g1.p1	noTP	0.993889	0.000546	0.000023	0.005511	0.000031	
TRINITY_DN18422_c1_g2.p2	noTP	0.999992	0.000006	0.000001	0.000002	0.000000	
TRINITY_DN18422_c1_g2.p1	noTP	0.995805	0.000076	0.004086	0.000021	0.000013	
TRINITY_DN18422_c3_g1.p2	noTP	0.968659	0.025249	0.005286	0.000785	0.000021	
TRINITY_DN18422_c3_g1.p3	SP	0.266038	0.733470	0.000381	0.000082	0.000028	CS pos: 23-24. SSA-GT. Pr: 0.4342
TRINITY_DN18422_c3_g1.p1	SP	0.093819	0.766449	0.138737	0.000738	0.000257	CS pos: 28-29. ISS-NT. Pr: 0.2401
TRINITY_DN18441_c2_g1.p1	cTP	0.316741	0.002939	0.001295	0.602339	0.076686	CS pos: 65-66. AIA-SK. Pr: 0.3506
TRINITY_DN18476_c3_g1.p2	noTP	0.915739	0.071061	0.011697	0.001238	0.000265	
TRINITY_DN18476_c3_g1.p1	noTP	0.996505	0.000021	0.001584	0.001882	0.000009	
TRINITY_DN18486_c0_g4.p1	noTP	0.999147	0.000571	0.000273	0.000009	0.000000	
TRINITY_DN18490_c1_g2.p1	noTP	0.998732	0.001080	0.000187	0.000001	0.000000	
TRINITY_DN18500_c0_g3.p1	noTP	0.954825	0.033310	0.010761	0.000130	0.000975	
TRINITY_DN18502_c2_g1.p1	cTP	0.002863	0.000000	0.021770	0.973837	0.001530	CS pos: 41-42. TKA-AV. Pr: 0.7307
TRINITY_DN18502_c2_g1.p2	noTP	0.999507	0.000097	0.000089	0.000303	0.000004	
TRINITY_DN18509_c3_g4.p1	noTP	0.999165	0.000830	0.000004	0.000002	0.000000	
TRINITY_DN18513_c0_g3.p1	noTP	0.895203	0.010065	0.038060	0.003714	0.052958	
TRINITY_DN18515_c1_g6.p1	mTP	0.195421	0.007195	0.786428	0.010619	0.000336	CS pos: 27-28. SFY-SY. Pr: 0.5472
TRINITY_DN18588_c1_g5.p1	SP	0.001372	0.998628	0.000000	0.000000	0.000000	CS pos: 27-28. VSS-HT. Pr: 0.6730
TRINITY_DN18591_c1_g2.p1	noTP	0.676014	0.037555	0.239723	0.042729	0.003980	
TRINITY_DN18598_c1_g4.p1	noTP	0.999971	0.000024	0.000005	0.000000	0.000000	
TRINITY_DN18626_c0_g1.p2	noTP	0.999875	0.000027	0.000082	0.000008	0.000008	
TRINITY_DN18626_c0_g1.p1	noTP	0.974979	0.000420	0.023663	0.000865	0.000073	
TRINITY_DN18644_c4_g1.p1	noTP	0.975443	0.002352	0.021160	0.001038	0.000006	
TRINITY_DN18681_c3_g2.p1	noTP	0.997900	0.000943	0.000683	0.000466	0.000008	
TRINITY_DN18718_c0_g1.p1	noTP	0.999013	0.000313	0.000615	0.000059	0.000001	
TRINITY_DN18730_c1_g1.p1	noTP	0.999393	0.000372	0.000133	0.000087	0.000014	
TRINITY_DN18730_c1_g1.p2	noTP	0.878474	0.007572	0.099769	0.012954	0.001231	
TRINITY_DN18744_c1_g5.p1	noTP	0.999977	0.000013	0.000001	0.000009	0.000000	
TRINITY_DN18747_c0_g2.p3	noTP	0.914360	0.004848	0.007022	0.062982	0.010788	
TRINITY_DN18747_c0_g2.p1	noTP	0.999988	0.000011	0.000000	0.000000	0.000000	
TRINITY_DN18758_c8_g1.p2	noTP	0.997928	0.000210	0.001689	0.000172	0.000001	
TRINITY_DN18758_c8_g1.p1	noTP	0.964099	0.001400	0.000119	0.027860	0.006523	
TRINITY_DN18794_c3_g1.p1	noTP	0.999926	0.000063	0.000011	0.000000	0.000000	
TRINITY_DN18794_c3_g1.p2	noTP	0.999916	0.000051	0.000031	0.000001	0.000000	
TRINITY_DN18801_c1_g5.p1	noTP	0.999991	0.000008	0.000000	0.000002	0.000000	
TRINITY_DN18838_c2_g3.p1	noTP	0.999727	0.000218	0.000055	0.000000	0.000000	
TRINITY_DN18840_c0_g1.p2	noTP	0.998668	0.001294	0.000019	0.000016	0.000003	
TRINITY_DN18840_c0_g1.p1	noTP	0.968203	0.019774	0.006537	0.005399	0.000086	
TRINITY_DN18840_c0_g1.p3	noTP	0.999864	0.000096	0.000009	0.000017	0.000014	
TRINITY_DN18867_c1_g7.p2	noTP	0.999401	0.000226	0.000317	0.000002	0.000054	
TRINITY_DN18867_c1_g7.p1	noTP	0.998876	0.000042	0.000355	0.000661	0.000065	
TRINITY_DN18876_c1_g5.p1	noTP	0.999725	0.000271	0.000001	0.000003	0.000000	
TRINITY_DN18898_c0_g1.p2	noTP	0.999670	0.000304	0.000014	0.000011	0.000001	
TRINITY_DN18898_c0_g1.p3	noTP	0.738768	0.000149	0.000672	0.259093	0.001317	
TRINITY_DN18898_c0_g1.p1	noTP	0.998758	0.000494	0.000442	0.000221	0.000084	
TRINITY_DN18972_c1_g4.p2	noTP	0.973259	0.000391	0.003502	0.022839	0.000009	
TRINITY_DN18972_c1_g4.p1	noTP	0.999941	0.000018	0.000040	0.000001	0.000001	
TRINITY_DN18976_c0_g3.p1	noTP	0.818760	0.159410	0.020410	0.001253	0.000167	
TRINITY_DN18984_c7_g5.p1	noTP	0.999310	0.000636	0.000043	0.000009	0.000001	
TRINITY_DN18984_c7_g5.p2	noTP	0.996965	0.002079	0.000828	0.000126	0.000002	
TRINITY_DN19077_c2_g1.p1	cTP	0.084552	0.000006	0.000076	0.905465	0.009901	CS pos: 46-47. VCF-SS. Pr: 0.4739
TRINITY_DN19077_c2_g1.p2	mTP	0.383758	0.093513	0.441123	0.026496	0.055110	CS pos: 46-47. LCY-SS. Pr: 0.7771
TRINITY_DN19147_c3_g2.p1	noTP	0.777120	0.003489	0.040918	0.119836	0.058637	
TRINITY_DN19162_c4_g2.p1	SP	0.040841	0.956647	0.001321	0.001153	0.000039	CS pos: 28-29. GLG-RG. Pr: 0.5845
TRINITY_DN19189_c1_g1.p1	noTP	0.999736	0.000047	0.000008	0.000184	0.000025	
TRINITY_DN19191_c3_g3.p1	noTP	0.995036	0.004364	0.000571	0.000027	0.000002	
TRINITY_DN19197_c0_g1.p1	noTP	0.938464	0.011492	0.001062	0.048301	0.000681	
TRINITY_DN19200_c0_g1.p2	noTP	0.977081	0.022919	0.000000	0.000000	0.000000	
TRINITY_DN19210_c2_g2.p1	noTP	0.999999	0.000000	0.000000	0.000000	0.000000	
TRINITY_DN19214_c1_g2.p1	noTP	0.995183	0.004059	0.000534	0.000212	0.000012	
TRINITY_DN19214_c1_g2.p2	noTP	0.987271	0.008193	0.003015	0.001504	0.000018	
TRINITY_DN19214_c1_g2.p5	noTP	0.999920	0.000013	0.000002	0.000060	0.000005	
TRINITY_DN19273_c2_g1.p1	noTP	0.999957	0.000036	0.000007	0.000000	0.000000	
TRINITY_DN19274_c0_g2.p1	noTP	0.997112	0.001722	0.000572	0.000591	0.000003	
TRINITY_DN19316_c2_g2.p6	noTP	0.943332	0.056374	0.000231	0.000000	0.000063	
TRINITY_DN19316_c2_g2.p1	noTP	0.999732	0.000185	0.000052	0.000002	0.000029	
TRINITY_DN19316_c2_g2.p3	noTP	0.999961	0.000028	0.000010	0.000000	0.000000	
TRINITY_DN19316_c2_g2.p2	noTP	0.878987	0.117406	0.000987	0.000433	0.002187	
TRINITY_DN19316_c2_g2.p4	noTP	0.999027	0.000309	0.000600	0.000052	0.000013	
TRINITY_DN19335_c2_g3.p2	noTP	0.994061	0.005111	0.000231	0.000247	0.000350	
TRINITY_DN19335_c2_g3.p1	noTP	0.999989	0.000009	0.000001	0.000001	0.000000	
TRINITY_DN19338_c2_g4.p1	noTP	0.999407	0.000262	0.000330	0.000000	0.000000	
TRINITY_DN19350_c4_g4.p1	noTP	0.695642	0.302841	0.000994	0.000444	0.000079	
TRINITY_DN19361_c6_g1.p1	noTP	0.897383	0.031175	0.023010	0.047409	0.001023	
TRINITY_DN19361_c6_g1.p3	noTP	0.633740	0.365670	0.000525	0.000029	0.000035	
TRINITY_DN19361_c6_g1.p2	noTP	0.998801	0.001163	0.000036	0.000000	0.000000	
TRINITY_DN19398_c1_g1.p1	noTP	0.999882	0.000041	0.000077	0.000000	0.000000	
TRINITY_DN19398_c1_g1.p3	noTP	0.999212	0.000766	0.000022	0.000000	0.000000	
TRINITY_DN19409_c2_g2.p1	noTP	0.795971	0.002613	0.190780	0.005539	0.005097	
TRINITY_DN19449_c3_g1.p1	noTP	0.996893	0.003076	0.000030	0.000002	0.000000	
TRINITY_DN19449_c3_g1.p2	noTP	0.988987	0.000773	0.006738	0.003414	0.000088	
TRINITY_DN19476_c2_g1.p1	noTP	0.998582	0.000044	0.000077	0.001288	0.000008	
TRINITY_DN19488_c6_g3.p2	noTP	0.829601	0.086910	0.074023	0.008387	0.001080	
TRINITY_DN19488_c6_g3.p3	noTP	0.968219	0.002301	0.028537	0.000798	0.000145	
TRINITY_DN19505_c2_g1.p2	noTP	0.996614	0.002430	0.000870	0.000084	0.000001	
TRINITY_DN19505_c2_g1.p1	cTP	0.370981	0.000046	0.012017	0.616711	0.000244	CS pos: 69-70. SLH-AT. Pr: 0.2860
TRINITY_DN19515_c7_g2.p1	noTP	0.999998	0.000002	0.000000	0.000000	0.000000	
TRINITY_DN19547_c2_g1.p1	noTP	0.820430	0.000063	0.038132	0.016028	0.125348	
TRINITY_DN19548_c1_g2.p1	noTP	0.992461	0.002071	0.001848	0.003514	0.000105	
TRINITY_DN19583_c1_g1.p1	noTP	0.999997	0.000003	0.000000	0.000000	0.000000	
TRINITY_DN19612_c6_g2.p1	noTP	0.793929	0.000548	0.011302	0.004616	0.189605	
TRINITY_DN19622_c0_g2.p1	noTP	0.997474	0.002526	0.000000	0.000000	0.000000	
TRINITY_DN19637_c1_g1.p2	noTP	0.998669	0.001251	0.000078	0.000001	0.000001	
TRINITY_DN19637_c1_g1.p1	noTP	0.924253	0.000267	0.075194	0.000278	0.000008	
TRINITY_DN19639_c3_g1.p1	noTP	0.999787	0.000010	0.000203	0.000000	0.000000	
TRINITY_DN19639_c3_g1.p2	noTP	0.990915	0.000274	0.008454	0.000209	0.000148	
TRINITY_DN19662_c0_g2.p1	noTP	0.958440	0.035089	0.002282	0.003958	0.000232	
TRINITY_DN19662_c0_g2.p3	noTP	0.994050	0.005479	0.000466	0.000001	0.000004	
TRINITY_DN19662_c0_g2.p2	noTP	0.966280	0.031811	0.001850	0.000008	0.000051	
TRINITY_DN19715_c2_g1.p1	noTP	0.999516	0.000472	0.000007	0.000004	0.000001	
TRINITY_DN19715_c2_g1.p2	noTP	0.999567	0.000392	0.000041	0.000000	0.000000	
TRINITY_DN19737_c4_g3.p1	noTP	0.997834	0.000205	0.001634	0.000325	0.000002	
TRINITY_DN19744_c5_g1.p1	noTP	0.999394	0.000525	0.000069	0.000007	0.000005	
TRINITY_DN19744_c5_g1.p2	luTP	0.029632	0.000164	0.000023	0.327754	0.642427	CS pos luTP: 65-66. TYA-AP. Pr: 0.3327; CS pos cTP: 38-39. Pr: 0.2210
TRINITY_DN19752_c1_g4.p1	noTP	0.999876	0.000121	0.000002	0.000001	0.000000	
TRINITY_DN19826_c0_g1.p2	noTP	0.992613	0.002572	0.003832	0.000968	0.000014	
TRINITY_DN19826_c0_g1.p1	noTP	0.836002	0.004074	0.001003	0.154459	0.004462	
TRINITY_DN19826_c0_g1.p3	noTP	0.990652	0.005192	0.000110	0.000002	0.004045	
TRINITY_DN19849_c1_g1.p1	noTP	0.997853	0.000064	0.001419	0.000517	0.000147	
TRINITY_DN19862_c2_g1.p1	noTP	0.999953	0.000046	0.000000	0.000001	0.000000	
TRINITY_DN19942_c0_g1.p1	noTP	0.999999	0.000001	0.000000	0.000000	0.000000	
TRINITY_DN19947_c6_g3.p1	noTP	0.999979	0.000020	0.000000	0.000000	0.000000	
TRINITY_DN19947_c6_g3.p2	noTP	0.999988	0.000011	0.000000	0.000000	0.000000	
TRINITY_DN19953_c1_g1.p1	noTP	0.999110	0.000877	0.000005	0.000000	0.000007	
TRINITY_DN19953_c1_g1.p2	noTP	0.966372	0.033119	0.000041	0.000010	0.000457	
TRINITY_DN19954_c5_g1.p1	noTP	0.497523	0.003089	0.449582	0.038671	0.011135	
TRINITY_DN19954_c5_g1.p2	noTP	0.999183	0.000573	0.000236	0.000001	0.000007	
TRINITY_DN19981_c5_g2.p1	cTP	0.017336	0.000006	0.000020	0.976658	0.005979	CS pos: 69-70. IRM-SW. Pr: 0.7237
TRINITY_DN20003_c0_g1.p1	noTP	0.999480	0.000160	0.000190	0.000008	0.000162	
TRINITY_DN20010_c1_g5.p1	noTP	0.995533	0.004249	0.000188	0.000029	0.000001	
TRINITY_DN20016_c1_g1.p2	noTP	0.992192	0.001473	0.005757	0.000477	0.000102	
TRINITY_DN20016_c1_g1.p1	noTP	0.992095	0.000616	0.003384	0.003692	0.000213	
TRINITY_DN20030_c5_g2.p2	noTP	0.999706	0.000129	0.000157	0.000008	0.000000	
TRINITY_DN20030_c5_g2.p1	noTP	0.995361	0.003117	0.000000	0.001520	0.000001	
TRINITY_DN20054_c14_g5.p1	noTP	0.998509	0.001296	0.000183	0.000003	0.000008	
TRINITY_DN20070_c1_g1.p1	noTP	0.999840	0.000106	0.000050	0.000002	0.000001	
TRINITY_DN20070_c4_g5.p1	noTP	0.999113	0.000847	0.000011	0.000001	0.000029	
TRINITY_DN20070_c4_g5.p2	noTP	0.945996	0.035524	0.001087	0.015676	0.001717	
TRINITY_DN20070_c4_g5.p3	noTP	0.976714	0.009153	0.006115	0.005266	0.002753	
TRINITY_DN20091_c7_g4.p2	noTP	0.994284	0.005365	0.000051	0.000146	0.000154	
TRINITY_DN20091_c7_g4.p1	noTP	0.988248	0.011736	0.000010	0.000005	0.000001	
TRINITY_DN20099_c1_g3.p1	noTP	0.999329	0.000058	0.000596	0.000012	0.000004	
TRINITY_DN20108_c1_g2.p1	noTP	0.915751	0.000580	0.000822	0.045482	0.037365	
TRINITY_DN20131_c0_g1.p1	SP	0.000873	0.999119	0.000003	0.000001	0.000005	CS pos: 29-30. ITA-SS. Pr: 0.8833
TRINITY_DN20131_c0_g1.p2	noTP	0.966364	0.000257	0.003835	0.029509	0.000034	
TRINITY_DN20153_c2_g1.p1	SP	0.010783	0.989028	0.000148	0.000039	0.000001	CS pos: 33-34. ASA-ST. Pr: 0.8526
TRINITY_DN20196_c2_g2.p1	noTP	0.999815	0.000085	0.000099	0.000000	0.000000	
TRINITY_DN20204_c4_g1.p1	noTP	0.989699	0.004151	0.001232	0.004905	0.000013	
TRINITY_DN20204_c4_g1.p2	noTP	0.999315	0.000204	0.000440	0.000034	0.000007	
TRINITY_DN20228_c3_g1.p1	SP	0.029882	0.969975	0.000061	0.000059	0.000022	CS pos: 27-28. ASA-VT. Pr: 0.6614
TRINITY_DN20228_c3_g1.p2	noTP	0.998334	0.001654	0.000011	0.000001	0.000000	
TRINITY_DN20260_c3_g9.p1	noTP	0.999950	0.000018	0.000031	0.000001	0.000000	
TRINITY_DN20278_c0_g2.p1	noTP	0.890986	0.108178	0.000793	0.000006	0.000036	
TRINITY_DN20291_c5_g3.p1	noTP	0.835623	0.003345	0.160727	0.000033	0.000272	
TRINITY_DN20291_c5_g3.p2	noTP	0.998938	0.000762	0.000291	0.000006	0.000003	
TRINITY_DN20320_c6_g1.p3	noTP	0.999740	0.000230	0.000030	0.000000	0.000000	
TRINITY_DN20320_c6_g1.p1	noTP	0.999398	0.000077	0.000523	0.000002	0.000001	
TRINITY_DN20349_c4_g3.p1	noTP	0.773962	0.000418	0.225550	0.000024	0.000047	
TRINITY_DN20356_c5_g3.p1	noTP	0.711365	0.000797	0.026900	0.234418	0.026520	
TRINITY_DN20356_c5_g3.p2	noTP	0.999952	0.000042	0.000004	0.000002	0.000000	
TRINITY_DN20371_c0_g2.p2	noTP	0.996262	0.001488	0.002223	0.000018	0.000010	
TRINITY_DN20371_c0_g2.p1	noTP	0.991232	0.000689	0.007052	0.000901	0.000127	
TRINITY_DN20398_c0_g1.p1	noTP	0.994374	0.003622	0.000388	0.000042	0.001574	
TRINITY_DN20407_c5_g1.p1	noTP	0.999998	0.000002	0.000000	0.000000	0.000000	
TRINITY_DN20422_c3_g1.p1	noTP	0.998955	0.001027	0.000017	0.000002	0.000000	
TRINITY_DN20422_c3_g1.p2	noTP	0.982405	0.016455	0.000802	0.000316	0.000023	
TRINITY_DN20458_c4_g4.p2	noTP	0.992209	0.000079	0.007442	0.000224	0.000045	
TRINITY_DN20458_c4_g4.p1	noTP	0.712360	0.203913	0.079183	0.003694	0.000850	
TRINITY_DN20560_c3_g1.p1	noTP	0.859286	0.000270	0.139331	0.001103	0.000010	
TRINITY_DN20606_c7_g1.p1	noTP	0.999885	0.000112	0.000000	0.000003	0.000000	
TRINITY_DN20606_c7_g1.p2	noTP	0.523612	0.000734	0.475425	0.000198	0.000031	
TRINITY_DN20612_c5_g4.p1	noTP	0.999990	0.000010	0.000000	0.000000	0.000000	
TRINITY_DN20640_c4_g5.p1	noTP	0.815896	0.174988	0.002981	0.000445	0.005691	
TRINITY_DN20667_c0_g4.p1	SP	0.001780	0.997942	0.000261	0.000011	0.000007	CS pos: 18-19. VSA-TD. Pr: 0.4142
TRINITY_DN20699_c1_g2.p2	noTP	0.909031	0.001688	0.085838	0.003196	0.000247	
TRINITY_DN20699_c1_g2.p1	noTP	0.993094	0.003024	0.001207	0.000757	0.001918	
TRINITY_DN20701_c2_g4.p1	noTP	0.996040	0.003957	0.000003	0.000000	0.000000	
TRINITY_DN20712_c2_g1.p1	SP	0.000074	0.999924	0.000001	0.000001	0.000000	CS pos: 24-25. AHG-ID. Pr: 0.9592
TRINITY_DN20717_c8_g1.p1	noTP	0.462894	0.217787	0.304765	0.013321	0.001232	
TRINITY_DN20734_c1_g3.p1	noTP	0.997392	0.002607	0.000001	0.000000	0.000000	
TRINITY_DN20774_c1_g3.p1	noTP	0.995324	0.001895	0.002519	0.000249	0.000014	
TRINITY_DN20774_c1_g3.p2	noTP	0.870159	0.129761	0.000047	0.000000	0.000033	
TRINITY_DN20804_c2_g3.p1	noTP	0.999851	0.000076	0.000032	0.000039	0.000002	
TRINITY_DN20818_c2_g1.p1	noTP	0.996327	0.000588	0.001142	0.001757	0.000186	
TRINITY_DN20820_c2_g1.p1	noTP	0.999213	0.000786	0.000001	0.000000	0.000000	
TRINITY_DN20833_c0_g1.p1	noTP	0.997569	0.000635	0.000331	0.001413	0.000052	
TRINITY_DN20833_c0_g1.p2	noTP	0.989969	0.001674	0.004425	0.003276	0.000656	
TRINITY_DN20840_c2_g4.p3	noTP	0.999118	0.000858	0.000025	0.000000	0.000000	
TRINITY_DN20840_c2_g4.p5	noTP	0.999084	0.000206	0.000691	0.000010	0.000009	
TRINITY_DN20840_c2_g4.p1	noTP	0.999967	0.000019	0.000014	0.000000	0.000000	
TRINITY_DN20840_c2_g4.p2	noTP	0.999936	0.000051	0.000013	0.000000	0.000000	
TRINITY_DN20842_c2_g1.p1	mTP	0.343826	0.004779	0.448770	0.200823	0.001802	CS pos: 62-63. GRF-GP. Pr: 0.1743
TRINITY_DN20844_c3_g1.p1	noTP	0.995852	0.001540	0.001882	0.000706	0.000019	
TRINITY_DN20844_c3_g1.p2	noTP	0.997952	0.000900	0.001070	0.000049	0.000030	
TRINITY_DN20844_c3_g1.p3	noTP	0.909941	0.085755	0.004185	0.000112	0.000007	
TRINITY_DN20846_c1_g1.p1	noTP	0.998860	0.001001	0.000114	0.000025	0.000000	
TRINITY_DN20846_c1_g1.p2	noTP	0.958039	0.000563	0.006600	0.031046	0.003753	
TRINITY_DN20848_c0_g2.p1	mTP	0.135623	0.000513	0.863514	0.000340	0.000009	CS pos: 32-33. LHF-SS. Pr: 0.2973
TRINITY_DN20860_c5_g4.p1	noTP	0.999994	0.000006	0.000000	0.000000	0.000000	
TRINITY_DN20872_c3_g1.p1	cTP	0.299111	0.000172	0.071888	0.576221	0.052609	CS pos: 41-42. CIQ-AL. Pr: 0.2379
TRINITY_DN20884_c1_g2.p1	noTP	0.999875	0.000057	0.000022	0.000046	0.000000	
TRINITY_DN20884_c1_g2.p2	noTP	0.998759	0.001221	0.000011	0.000008	0.000000	
TRINITY_DN20884_c3_g2.p1	noTP	0.999888	0.000054	0.000001	0.000036	0.000021	
TRINITY_DN20884_c3_g2.p5	noTP	0.953818	0.046143	0.000018	0.000000	0.000021	
TRINITY_DN20884_c3_g2.p3	noTP	0.992607	0.007307	0.000086	0.000000	0.000000	
TRINITY_DN20898_c0_g1.p1	noTP	0.999771	0.000071	0.000065	0.000067	0.000025	
TRINITY_DN20912_c0_g2.p1	noTP	0.999130	0.000121	0.000717	0.000007	0.000026	
TRINITY_DN20922_c0_g2.p1	noTP	0.999773	0.000106	0.000120	0.000000	0.000002	
TRINITY_DN20981_c0_g1.p1	noTP	0.999357	0.000474	0.000062	0.000094	0.000013	
TRINITY_DN20981_c0_g1.p2	noTP	0.997915	0.001483	0.000559	0.000027	0.000016	
TRINITY_DN21028_c2_g1.p1	noTP	0.992430	0.000334	0.000004	0.007215	0.000017	
TRINITY_DN21028_c2_g1.p2	noTP	0.999020	0.000680	0.000292	0.000001	0.000008	
TRINITY_DN21045_c3_g1.p4	noTP	0.996214	0.003781	0.000004	0.000001	0.000000	
TRINITY_DN21045_c3_g1.p1	noTP	0.998320	0.001680	0.000000	0.000000	0.000000	
TRINITY_DN21065_c2_g1.p3	noTP	0.999971	0.000028	0.000000	0.000000	0.000000	
TRINITY_DN21065_c2_g1.p2	noTP	0.997764	0.000021	0.001049	0.001156	0.000009	
TRINITY_DN21065_c2_g1.p4	noTP	0.990538	0.000832	0.008455	0.000170	0.000006	
TRINITY_DN21065_c2_g1.p1	noTP	0.999961	0.000028	0.000009	0.000002	0.000001	
TRINITY_DN21079_c6_g1.p1	noTP	0.998854	0.001144	0.000001	0.000001	0.000000	
TRINITY_DN21094_c5_g1.p1	noTP	0.999589	0.000409	0.000001	0.000000	0.000000	
TRINITY_DN21121_c9_g1.p1	noTP	0.995944	0.000187	0.000122	0.003660	0.000087	
TRINITY_DN21121_c9_g1.p2	noTP	0.993018	0.001430	0.005359	0.000183	0.000010	
TRINITY_DN21141_c4_g3.p1	noTP	0.890654	0.075419	0.022712	0.011032	0.000182	
TRINITY_DN21144_c5_g2.p1	noTP	0.957554	0.000710	0.000565	0.040892	0.000279	
TRINITY_DN21165_c3_g5.p1	noTP	0.998861	0.000144	0.000991	0.000004	0.000000	
TRINITY_DN21198_c2_g2.p2	noTP	0.999955	0.000021	0.000000	0.000024	0.000000	
TRINITY_DN21198_c2_g2.p1	noTP	0.999106	0.000736	0.000156	0.000000	0.000001	
TRINITY_DN21247_c3_g2.p1	noTP	0.955616	0.000847	0.043487	0.000003	0.000047	
TRINITY_DN21266_c1_g3.p3	cTP	0.390760	0.000812	0.001210	0.606120	0.001098	CS pos: 41-42. RVM-VS. Pr: 0.5662
TRINITY_DN21266_c1_g3.p1	mTP	0.073543	0.000062	0.901813	0.024387	0.000195	CS pos: 77-78. RSY-SS. Pr: 0.7550
TRINITY_DN21307_c3_g2.p1	noTP	0.999987	0.000009	0.000004	0.000000	0.000000	
TRINITY_DN21323_c0_g2.p1	noTP	0.999847	0.000118	0.000031	0.000001	0.000002	
TRINITY_DN21323_c0_g2.p2	noTP	0.998763	0.001197	0.000019	0.000009	0.000012	
TRINITY_DN21323_c0_g2.p3	noTP	0.999722	0.000258	0.000020	0.000000	0.000000	
TRINITY_DN21365_c1_g5.p1	noTP	0.999952	0.000033	0.000014	0.000001	0.000001	
TRINITY_DN21378_c3_g1.p1	noTP	0.970559	0.000031	0.029382	0.000000	0.000027	
TRINITY_DN21415_c1_g1.p3	noTP	0.999888	0.000040	0.000070	0.000000	0.000001	
TRINITY_DN21415_c1_g1.p1	noTP	0.999946	0.000051	0.000002	0.000000	0.000000	
TRINITY_DN21415_c1_g1.p2	noTP	0.999982	0.000011	0.000007	0.000000	0.000000	
TRINITY_DN21415_c1_g1.p4	noTP	0.803627	0.000382	0.195933	0.000026	0.000032	
TRINITY_DN21415_c1_g1.p6	noTP	0.990259	0.000269	0.001171	0.000880	0.007421	
TRINITY_DN21416_c4_g1.p4	noTP	0.975902	0.024056	0.000038	0.000005	0.000000	
TRINITY_DN21416_c4_g1.p2	noTP	0.999114	0.000128	0.000118	0.000480	0.000160	
TRINITY_DN21416_c4_g1.p1	SP	0.337935	0.584685	0.038226	0.024866	0.014289	CS pos: 31-32. SEA-FD. Pr: 0.5925
TRINITY_DN21416_c4_g1.p3	noTP	0.911619	0.083813	0.003549	0.000934	0.000085	
TRINITY_DN21418_c4_g2.p3	noTP	0.999957	0.000033	0.000009	0.000001	0.000000	
TRINITY_DN21418_c4_g2.p2	noTP	0.985542	0.014408	0.000050	0.000000	0.000000	
TRINITY_DN21418_c4_g2.p1	cTP	0.270070	0.000275	0.032032	0.578710	0.118914	CS pos: 34-35. VHA-VS. Pr: 0.2583
TRINITY_DN21443_c1_g2.p1	noTP	0.992649	0.001265	0.000004	0.006075	0.000006	
TRINITY_DN21443_c1_g2.p2	noTP	0.993286	0.006709	0.000000	0.000006	0.000000	
TRINITY_DN21443_c1_g3.p2	noTP	0.999795	0.000044	0.000126	0.000033	0.000001	
TRINITY_DN21571_c2_g1.p1	noTP	0.997973	0.001987	0.000038	0.000000	0.000002	
TRINITY_DN21605_c0_g1.p2	noTP	0.996278	0.000099	0.000110	0.003336	0.000177	
TRINITY_DN21605_c0_g1.p1	noTP	0.999820	0.000179	0.000001	0.000000	0.000000	
TRINITY_DN21610_c2_g1.p1	noTP	0.999966	0.000011	0.000000	0.000022	0.000000	
TRINITY_DN21624_c3_g1.p2	noTP	0.999827	0.000006	0.000166	0.000000	0.000000	
TRINITY_DN21624_c3_g1.p1	noTP	0.809098	0.000349	0.000037	0.190009	0.000507	
TRINITY_DN21639_c0_g5.p1	noTP	0.954150	0.004612	0.000225	0.037096	0.003917	
TRINITY_DN21677_c0_g2.p1	noTP	0.802612	0.058747	0.136871	0.001059	0.000711	
TRINITY_DN21788_c1_g1.p1	noTP	0.999992	0.000007	0.000001	0.000000	0.000000	
TRINITY_DN21788_c1_g1.p6	noTP	0.950201	0.044785	0.004630	0.000382	0.000003	
TRINITY_DN21788_c1_g1.p4	noTP	0.999455	0.000167	0.000143	0.000235	0.000000	
TRINITY_DN21788_c1_g1.p2	noTP	0.664799	0.000138	0.335024	0.000029	0.000009	
TRINITY_DN21788_c1_g1.p5	noTP	0.906616	0.001308	0.083740	0.006125	0.002211	
TRINITY_DN21809_c2_g1.p1	noTP	0.988172	0.001816	0.007554	0.000257	0.002201	
TRINITY_DN21915_c0_g1.p2	noTP	0.999931	0.000026	0.000044	0.000000	0.000000	
TRINITY_DN21915_c0_g1.p1	noTP	0.987978	0.001120	0.010540	0.000186	0.000177	
TRINITY_DN21928_c9_g3.p1	SP	0.067526	0.805555	0.126587	0.000209	0.000123	CS pos: 26-27. STS-EE. Pr: 0.7209
TRINITY_DN21931_c1_g1.p3	noTP	0.999798	0.000192	0.000009	0.000001	0.000000	
TRINITY_DN21931_c1_g1.p2	noTP	0.984213	0.004317	0.010805	0.000591	0.000074	
TRINITY_DN21933_c1_g3.p1	SP	0.003023	0.996959	0.000018	0.000000	0.000000	CS pos: 26-27. ITA-EP. Pr: 0.8938
TRINITY_DN21951_c5_g1.p1	noTP	0.999981	0.000012	0.000007	0.000000	0.000000	
TRINITY_DN21962_c2_g1.p2	noTP	0.997840	0.001983	0.000007	0.000091	0.000079	
TRINITY_DN21962_c2_g1.p1	noTP	0.995727	0.003136	0.000989	0.000136	0.000012	
TRINITY_DN21980_c2_g1.p3	noTP	0.853824	0.005279	0.006386	0.121845	0.012666	
TRINITY_DN21980_c2_g1.p2	noTP	0.988324	0.009949	0.001173	0.000208	0.000346	
TRINITY_DN21980_c2_g2.p1	noTP	0.999751	0.000030	0.000167	0.000012	0.000039	
TRINITY_DN21980_c2_g2.p2	noTP	0.998745	0.001213	0.000041	0.000001	0.000000	
TRINITY_DN21982_c0_g1.p1	noTP	0.964067	0.000332	0.033450	0.001998	0.000153	
TRINITY_DN21982_c0_g1.p3	noTP	0.994379	0.004718	0.000831	0.000009	0.000064	
TRINITY_DN21997_c2_g2.p2	SP	0.143662	0.853569	0.001615	0.000839	0.000314	CS pos: 21-22. VGC-RI. Pr: 0.5534
TRINITY_DN21997_c2_g2.p1	noTP	0.999501	0.000360	0.000125	0.000012	0.000002	
TRINITY_DN22002_c0_g1.p2	noTP	0.999577	0.000209	0.000106	0.000102	0.000006	
TRINITY_DN22002_c0_g1.p1	noTP	0.999441	0.000357	0.000140	0.000010	0.000052	
TRINITY_DN22012_c3_g1.p1	noTP	0.997362	0.000024	0.002611	0.000002	0.000000	
TRINITY_DN22022_c4_g1.p1	noTP	0.983195	0.000467	0.001642	0.013098	0.001599	
TRINITY_DN22070_c0_g1.p1	noTP	0.999539	0.000131	0.000320	0.000010	0.000000	
TRINITY_DN22070_c0_g1.p3	noTP	0.698815	0.301183	0.000000	0.000001	0.000001	
TRINITY_DN22081_c3_g1.p1	noTP	0.981943	0.017977	0.000059	0.000021	0.000000	
TRINITY_DN22111_c8_g1.p2	noTP	0.931641	0.046447	0.017832	0.003980	0.000100	
TRINITY_DN22111_c8_g1.p1	noTP	0.999969	0.000013	0.000015	0.000002	0.000000	
TRINITY_DN22111_c8_g1.p3	noTP	0.999305	0.000579	0.000115	0.000000	0.000000	
TRINITY_DN22111_c8_g1.p4	noTP	0.739566	0.004130	0.254072	0.002219	0.000013	
TRINITY_DN22162_c3_g3.p1	noTP	0.994209	0.005713	0.000077	0.000000	0.000000	
TRINITY_DN22163_c4_g6.p1	noTP	0.999051	0.000337	0.000476	0.000024	0.000112	
TRINITY_DN22191_c2_g10.p1	noTP	0.994528	0.005270	0.000054	0.000086	0.000063	
